"Disrtict: Bangalore Urban Institutions address and google link details."
"Sl       Taluk         Sl        Hospital Detail              Place        Address                                                        google links                                Name of the Doctor       Phone no       Working hours          Facilities available"
"N                      No"
"o"
"1    Bangalore North   1    Super speciality hospital      Cantonment      Government Veterinary Hospital,Vasanth Nagar,Opposite to       https://goo.gl/maps/sbFUaBaUUJ9usUuP6       Dr Nageshappa            9448087826   9am -1pm and 3pm-     All specialised Treatments"
"cantonment Railway station, Bengaluru,Bangalore north                                                                                             5pm on weekdays.            Available for"
"taluk, Bangalore,560051                                                                                                                            9am to 1pm on     gynaecology,surgery,medicine"
"Holidays       cases with X-ray, scanning and"
"2      Veterinary Hospital         Malleshwaram      Government Veterinary Hospital,11 th cross,Karuna             https://maps.app.goo.gl/YkqQ1eayjs1C9vR98   Dr venkatesh K.M         9731144556   9am -1pm and 3pm-   General Treatment And Minor"
"complex,Malleshwara, Bengaluru, Bangalore north taluk,                                                                                            5pm on weekdays.              surgeries"
"Bangalore,560003                                                                                                                                   9am to 1pm on"
"Holidays"
"3      Veterinary Hospital          Hesaraghatta    Government Veterinary Hospital,Hesaraghatta,Bangalore          https://maps.app.goo.gl/q9w6rrj5wFzADAsP6   Dr Vasudev               9448754695   9am -1pm and 3pm-   General Treatment And Minor"
"north taluk, Bangalore,560088                                                                                                                     5pm on weekdays.             surgeries"
"9am to 1pm on"
"Holidays"
"4      Veterinary Hospital          Rajajinagara    Government Veterinary Hospital,64/1, 3rd, 15th Main Rd,        https://maps.app.goo.gl/3uPD7o6xD8B4TFri8   Dr M H Reddy             9900229973   9am -1pm and 3pm-   General Treatment And Minor"
"opp. to Vets Hospital, Y Block, Rajajinagar, Bengaluru,                                                                                           5pm on weekdays.             surgeries"
"Karnataka 560010                                                                                                                                   9am to 1pm on"
"Holidays"
"5      Veterinary Hospital           Chikkajala     Government Veterinary Hospital,Chikkajala, Bengaluru,          https://goo.gl/maps/VFukNpkntJwDx8Kk8       Dr Sudarshan             8217573732   9am -1pm and 3pm-   General Treatment And Minor"
"Bangalore north taluk, Bangalore                                                                                                                  5pm on weekdays.             surgeries"
"9am to 1pm on"
"Holidays"
"6      Veterinary Hospital            Byatha        Government Veterinary Dispensary,Byatha,Bangalore north        https://maps.app.goo.gl/UpTyhky88affgDmw6   Dr Vinutha gurukar       9886281543   9am -1pm and 3pm-   General Treatment And Minor"
"taluk, Bangalore                                                                                                                                  5pm on weekdays.             surgeries"
"9am to 1pm on"
"Holidays"
"7      Veterinary Hospital         Bettahalasuru    Government Veterinary Dispensary,Bettahalasuru, Bangalore      https://maps.app.goo.gl/p4toPKLBK9JXrff68   Dr Kantharaju            8073939905   9am -1pm and 3pm-   General Treatment And Minor"
"north taluk, Bangalore                                                                                                                            5pm on weekdays.             surgeries"
"9am to 1pm on"
"Holidays"
"8      Veterinary Hospital            Jalahalli     Government Veterinary Dispensary,28, 5th Cross, A.K.Colony,    https://maps.app.goo.gl/khZ9TLm2TXG3yZ2r7   DR B G Ramesh            9845357634   9am -1pm and 3pm-   General Treatment And Minor"
"K S Road, Jalahalli Village, Jalahalli, Bengaluru, Bengaluru                                                                                      5pm on weekdays.             surgeries"
"North taluk ,Bangalore 560013                                                                                                                      9am to 1pm on"
"Holidays"
"9      Veterinary Hospital         Gantiganahalli   Government Veterinary Dispensary, NITTE Meenakshi College      https://maps.app.goo.gl/CafbnBgEddddxkxf6   Dr Vishwanath chowdary   9448517780   9am -1pm and 3pm-   General Treatment And Minor"
"Rd, BSF Campus, Ganganahalli, Bengaluru, Karnataka 560064                                                                                         5pm on weekdays.             surgeries"
"9am to 1pm on"
"Holidays"
"10     Veterinary Hospital            Jakkuru       Govt. Veterlnary Dispensary, Amruthahalli Main Road,           https://maps.app.goo.gl/DfsqmLmqQhBV9Pqo7   Dr Kamaalmma             9902729617   9am -1pm and 3pm-   General Treatment And Minor"
"Jakkuru Village, Jakkuru, Bengaluru, Bengaluru North taluk                                                                                        5pm on weekdays.             surgeries"
",Bangalore 560064                                                                                                                                  9am to 1pm on"
"Holidays"
"11     Veterinary Hospital          Sondekoppa      Veterinary dispensarySondekoppa                                https://goo.gl/maps/NC5KjbefsVwASRFC7       Dr Shivakumar            9535174024   9am -1pm and 3pm-   General Treatment And Minor"
"Dasanapura hobli Bangalore North taluk                                                                                                            5pm on weekdays.             surgeries"
"Bangalore urban district                                                                                                                           9am to 1pm on"
"Pin 562130                                                                                                                                            Holidays"
"12     Veterinary Hospital       Mahalakshmipuram Government veterinary dispensary, nandini layout                 https://maps.app.goo.gl/K4vPPdZRL9diw8YF7   Dr D Suresh              9448683738   9am -1pm and 3pm-   General Treatment And Minor"
",kanteerava nagar Bangalore96                                                                                                                       5pm on weekdays.             surgeries"
"9am to 1pm on"
"Holidays"
"13     Veterinary Hospital         Prakashnagara    Government veterinary dispensary, Pure Water Supply BBMP,      https://maps.app.goo.gl/4ShHVMTVmC61fDfX8   Dr Puttanna              9845625933   9am -1pm and 3pm-   General Treatment And Minor"
"park, Mariyappanapalya, Gnana Bharathi, Bengaluru,                                                                                                5pm on weekdays.             surgeries"
"Bengaluru North taluk ,Bangalore 560021                                                                                                            9am to 1pm on"
"Holidays"
"14     Veterinary Hospital         Ravuttanahalli   Government veterinary dispensary, Ravuttanahalli,              https://maps.app.goo.gl/x44ncfPqimmnHyiLA   Dr Chidanand             9449350103   9am -1pm and 3pm-   General Treatment And Minor"
"Bangalore North taluk                                                                                                                             5pm on weekdays.             surgeries"
"Bangalore urban district 562123                                                                                                                    9am to 1pm on"
"Holidays"
"15     Veterinary Hospital           Herohalli      Government Veterinary Dispensary, Herohalli, Anjana Nagar,     https://maps.app.goo.gl/wDnVq9QwLTp3cjdA6   Dr Rajanna D             9341224211   9am -1pm and 3pm-   General Treatment And Minor"
"Sunkadakatte, Bengaluru North taluk ,Bangalore 562130                                                                                             5pm on weekdays.             surgeries"
"9am to 1pm on"
"Holidays"
"16     Veterinary Hospital           Shivakote      Government Veterinary Dispensary, Shivakote,Hessaraghatta      https://maps.app.goo.gl/tXyQqki8Y5EAyoYT6   Dr Gangadharaiah         9900214866   9am -1pm and 3pm-   General Treatment And Minor"
"road, Bengaluru North taluk ,Bangalore                                                                                                            5pm on weekdays.             surgeries"
"9am to 1pm on"
"Holidays"
"17     Veterinary Hospital           Siluvepura     Government Veterinary Dispensary, Siluvepura,Bengaluru         https://maps.app.goo.gl/erpuHi7BgoLmHwnY9   Dr Shruthi               9743054165   9am -1pm and 3pm-   General Treatment And Minor"
"North taluk ,Bangalore-560090                                                                                                                     5pm on weekdays.             surgeries"
"9am to 1pm on"
"Holidays"
"18   Veterinary Hospital         Kakolu        Government Veterinary Dispensary, kakolu,Bengaluru North       https://maps.app.goo.gl/LLTkZM7UsxqV2QzG8    Dr Sudarshan gowda   9663381941   9am -1pm and 3pm-   General Treatment And Minor"
"taluk,Bangalore 560089                                                                                                                         5pm on weekdays.             surgeries"
"9am to 1pm on"
"Holidays"
"19   Veterinary Hospital         Makali        Government Veterinary Dispensary, Makali,Bengaluru North       https://goo.gl/maps/FicAyoxEAoxbxxE18        Dr Vishwanath        9449695858   9am -1pm and 3pm-   General Treatment And Minor"
"taluk, Bangalore                                                                                                                               5pm on weekdays.             surgeries"
"9am to 1pm on"
"Holidays"
"20   Veterinary Hospital    Chikkkabanavara    Government Veterinary Dispensary,                              https://maps.app.goo.gl/VuRVnEraAmLNKpPa9    Dr Shruthi           9743054165   9am -1pm and 3pm-   General Treatment And Minor"
"Chikkabanavara,Hesaraghatta main road,Bangalore 560090                                                                                         5pm on weekdays.             surgeries"
"9am to 1pm on"
"Holidays"
"21   Veterinary Hospital      Mallasandra      Govt. Veterinary Dispensary,BBMP Mallasandra Ward              https://maps.app.goo.gl/gjmSWz2jQTSaL6Py7    Dr Shivaram          9148679198   9am -1pm and 3pm-   General Treatment And Minor"
"Office,Bengaluru North taluk,Bangalore 560057                                                                                                  5pm on weekdays.             surgeries"
"9am to 1pm on"
"Holidays"
"22   Veterinary Hospital      Linganahalli     Veterinary dispensary Linganahalli,Bengaluru North taluk       https://maps.app.goo.gl/yfmryeZBut9vjS5G9    Dr Gangadharaiah     9900214866   9am -1pm and 3pm-   General Treatment And Minor"
",Bangalore 560089                                                                                                                              5pm on weekdays.             surgeries"
"9am to 1pm on"
"Holidays"
"23   Veterinary Hospital     Madappanahalli    Chikkabanavara, Bengaluru North taluk ,Bangalore 560090        https://maps.app.goo.gl/VuRVnEraAmLNKpPa9    Dr Sunil C R         9900477264   9am -1pm and 3pm-   General Treatment And Minor"
"5pm on weekdays.             surgeries"
"9am to 1pm on"
"Holidays"
"24   Veterinary Hospital       Machohalli      Govt. veterinary hospital,Machohalli, Bengaluru North taluk,   https://maps.app.goo.gl/PCo6f4jWt9xgGnGC7    Dr Anilkumar         9740155187   9am -1pm and 3pm-   General Treatment And Minor"
"Bangalore 562130                                                                                                                               5pm on weekdays.             surgeries"
"9am to 1pm on"
"Holidays"
"25   Veterinary Hospital   Singanayakanahalli Govt. veterinary Dispensary,Singanayakanahalli, Bengaluru       https://maps.app.goo.gl/7oh1d2Bth8tQbL5t6    Dr Manohar           9845588227   9am -1pm and 3pm-   General Treatment And Minor"
"North taluk,Bangalore 560064                                                                                                                    5pm on weekdays.             surgeries"
"9am to 1pm on"
"Holidays"
"26   Veterinary Hospital       Dasanapura      Govt. veterinary Dispensary,Nagarur colony, Dasanapura,        https://maps.app.goo.gl/1JCrRsHM433pcg6u7    Dr Vishwanath        9449695858   9am -1pm and 3pm-   General Treatment And Minor"
"Bengaluru North taluk ,Bangalore 562162                                                                                                        5pm on weekdays.             surgeries"
"9am to 1pm on"
"Holidays"
"27   Veterinary Hospital        Satanuru       Govt. veterinary hospital,Satanuru, Bengaluru North taluk,                                                      Dr Maregowda"
"http://www.google.com/maps/place/13.131121,77.648289              9448413549   9am -1pm and 3pm-   General Treatment And Minor"
"Bangalore 562149                                                                                                                               5pm on weekdays.             surgeries"
"9am to 1pm on"
"Holidays"
"28   Veterinary Hospital      Marenahalli      Govt. Veterinary Dispensary, Marenahalli, Bengaluru North      https://maps.app.goo.gl/aQC4qvA62ZrRB9gH9    Dr Dhansingh Nayak   9829933505   9am -1pm and 3pm-   General Treatment And Minor"
"taluk ,Bangalore 562149                                                                                                                        5pm on weekdays.             surgeries"
"9am to 1pm on"
"Holidays"
"29   Veterinary Hospital        Hennuru        Govt. Veterinary Dispensary,Hennur Village Rd, HBR Layout      https://maps.app.goo.gl/vmGa9tjyczCCusnQ8    Dr Srirangaraju      9980501672   9am -1pm and 3pm-   General Treatment And Minor"
"4th Block, HBR Layout, Bengaluru, 560043                                                                                                       5pm on weekdays.             surgeries"
"9am to 1pm on"
"Holidays"
"30   Veterinary Hospital        Bagaluru        Govt. Veterinary Dispensary,Bengaluru North taluk             https://goo.gl/maps/EorvucuQfNDmjSLt6        Dr Mahesh            7996293084   9am -1pm and 3pm-   General Treatment And Minor"
",Bangalore 562149                                                                                                                              5pm on weekdays.             surgeries"
"9am to 1pm on"
"Holidays"
"31   Veterinary Hospital   Doddabommasandra Govt. Veterinary Dispensary,The Gift Hunt, 122, Dodda             https://maps.app.goo.gl/c4tsPdU1YjkKcPdFA    Dr Santhosh Kumar    8095204079   9am -1pm and 3pm-   General Treatment And Minor"
"Bommasandra Access Rd, Chamundeswari Layout,                                                                                                      5pm on weekdays.             surgeries"
"Doddabommasandra, Bengaluru North taluk ,Bangalore                                                                                                 9am to 1pm on"
"560097                                                                                                                                                Holidays"
"32   Veterinary Hospital        Arakere     Govt. Veterinary Dispensary,Arakere,Bangalore north taluk,        https://maps.app.goo.gl/ELMrVGbnsi4bdgdD6    Dr Sudarshan gowda   9663381941   9am -1pm and 3pm-   General Treatment And Minor"
"Bangalore 562157                                                                                                                                  5pm on weekdays.             surgeries"
"9am to 1pm on"
"Holidays"
"33   Veterinary Hospital        Haniyuru       Govt. Veterinary Dispensary,Haniyuru,Bangalore north taluk,    https://goo.gl/maps/NDE7muYjkvf9cWj99        Dr Vinutha gurukar   9886281543   9am -1pm and 3pm-   General Treatment And Minor"
"Bangalore 560089                                                                                                                               5pm on weekdays.             surgeries"
"9am to 1pm on"
"Holidays"
"34   Veterinary Hospital       Tarahunase       Govt. Veterinary Dispensary,Tharahunise, Bengaluru North      https://maps.app.goo.gl/LobzbD5AmQzzfMJ66    Dr Kantharaju        8073939905   9am -1pm and 3pm-   General Treatment And Minor"
"taluk ,Bangalore 562157                                                                                                                        5pm on weekdays.             surgeries"
"9am to 1pm on"
"Holidays"
"2   Bangalore South   1    City Veterinary Hospital     Mysore road      City Veterinary Hospital,Mysore road,Anjanappa Gardens,          https://goo.gl/maps/PQT86fk6Z128fCka9       Dr Chandraiah T           9902041310   9am -1pm and 3pm- General Treatment And Minor"
"Cottonpete, Bengaluru, Bangalore 560002                                                                                                              5pm on weekdays.           surgeries"
"9am to 1pm on"
"Holidays"
"2      Veterinary Hospital         Uttarahalii      Govt. veterinary hospital,Uttarahalli Main Road, masjid road,   https://maps.app.goo.gl/WagG9usNuvAVjjRx6   Dr Sujatha                8495935420   9am -1pm and 3pm- General Treatment And Minor"
"Vaishnavi Layout, Uttarahalli Hobli, Bengaluru, Bengaluru                                                                                            5pm on weekdays.           surgeries"
"South taluk ,Bangalore 560061                                                                                                                         9am to 1pm on"
"Holidays"
"3      Veterinary Hospital         Madiwala        Govt. veterinary hospital,UniverCell, Door No. 62/2, Hosur       https://maps.app.goo.gl/Y66JYQga8zuRARCQ7   Dr Rudramma               9845973602   9am -1pm and 3pm- General Treatment And Minor"
"Main Road, 2nd Main Rd, Madiwala, 1st Stage, BTM 1st                                                                                                 5pm on weekdays.           surgeries"
"Stage, Bengaluru, Bengaluru South taluk ,Bangalore 560068                                                                                             9am to 1pm on"
"Holidays"
"4      Veterinary Hospital         Gavipuram       Govt. veterinary hospital 5th Main Rd, 4E Block, Gavipura,       https://g.co/kgs/6KYVWi                     Dr Srinath                7259299109   9am -1pm and 3pm-   General Treatment And Minor"
"guttahalli      Kempegowda Nagar, Bengaluru, Karnataka 560019                                                                                                        5pm on weekdays.             surgeries"
"9am to 1pm on"
"Holidays"
"5      Veterinary Hospital         Jayanagara      Govt. veterinary hospital,2nd Floor, 3rd Main Road, 6th Block, https://maps.app.goo.gl/X1aD8FPmkYZdqfye7     Dr Mahalingappa Karigar   9538237227   9am -1pm and 3pm-   General Treatment And Minor"
"Jayanagar, Bengaluru South taluk ,Bangalore 560070                                                                                                   5pm on weekdays.             surgeries"
"9am to 1pm on"
"Holidays"
"6      Veterinary Hospital          Kengeri        Govt. veterinary hospital,Mysore Rd, Fort Kengeri, Kengeri,      https://maps.app.goo.gl/1p6dHiNVESqWa3ot7   Dr Kalleshwar             9448709280   9am -1pm and 3pm-   General Treatment And Minor"
"Bengaluru South taluk ,Bangalore 560060                                                                                                              5pm on weekdays.             surgeries"
"9am to 1pm on"
"Holidays"
"7      Veterinary Hospital         Tavarekere      Govt. veterinary hospital,VH Tavarekere magadi main road         https://goo.gl/maps/ZajUBVbDVQzsCbfv7       Dr Raja                   9448206163   9am -1pm and 3pm-   General Treatment And Minor"
"Bangalore south taluk 562130                                                                                                                         5pm on weekdays.             surgeries"
"9am to 1pm on"
"Holidays"
"8    Veterinary Dispensary           Beguru        Govt. veterinary dispensary, Shree Clinic & Medicals, 1294/5,    https://maps.app.goo.gl/ikwpxnSGohATQtZC6   DR Nagaraju               9448019584   9am -1pm and 3pm-   General Treatment And Minor"
"Begur Main Rd, Classic Paradise Layout, Devarachikkana Halli,                                                                                        5pm on weekdays.             surgeries"
"Bengaluru South taluk ,Bangalore 560068                                                                                                               9am to 1pm on"
"Holidays"
"9    Veterinary Dispensary        Kaggalipura      Govt. veterinary dispensary, S.M.Courier Service Domestic ,      https://maps.app.goo.gl/kTFsqmLmdnHAmqcd8   Dr Sudhir                 9448165901   9am -1pm and 3pm-   General Treatment And Minor"
"International & Logistic, Bangalore south taluk,Bengaluru,                                                                                           5pm on weekdays.             surgeries"
"560082                                                                                                                                                9am to 1pm on"
"Holidays"
"10   Veterinary Dispensary          Gonipura       Government Veterinary dispensary Gonipura, Bangalore             https://maps.app.goo.gl/MxvBjgMcwGSLD6GF7   Dr Govindaraju            9019688261   9am -1pm and 3pm-   General Treatment And Minor"
"south taluk,Bangalore 560074                                                                                                                         5pm on weekdays.             surgeries"
"9am to 1pm on"
"Holidays"
"11   Veterinary Dispensary        Panthapalya      Government Veterinary Hospital, Pantharapalya, Bangalore         https://goo.gl/maps/S2WidA4GPRmfhUC67       Dr Prasanna               9844045035   9am -1pm and 3pm-   General Treatment And Minor"
"South Taluk,Bangalore urban district 560020                                                                                                          5pm on weekdays.             surgeries"
"9am to 1pm on"
"Holidays"
"12   Veterinary Dispensary        Dommaluru        Govt veterinary hospital,Domlur,Akkamahadevi                     https://goo.gl/maps/FDEUY8Yq9i5Sf1e27       Dr Harish S N             9448589111   9am -1pm and 3pm-   General Treatment And Minor"
"bhavan,Ground floor, First partitionBbmp building,1st                                                                                                5pm on weekdays.             surgeries"
"main,Ward no 112                                                                                                                                      9am to 1pm on"
"Domlur,Bangalore south taluk                                                                                                                             Holidays"
"Bangalore 560071"
"13   Veterinary Dispensary          Adugodi        Government Veterinary Dispensary, Vaishnavi Terraces,off,        https://goo.gl/maps/xFs4qoxcH2p23waU8       Dr Shivaraj Arilikatte    9482295839   9am -1pm and 3pm-   General Treatment And Minor"
"Hosur Rd, opposite Star Hyper, 7th Block, Koramangala,                                                                                               5pm on weekdays.             surgeries"
"Bengaluru, 560029                                                                                                                                     9am to 1pm on"
"Holidays"
"14   Veterinary Dispensary        Somanahalli      Government Veterinary Dispensary, Somanahalli, Bangalore         https://maps.app.goo.gl/WFWmrDKfPkhWssXR7   Dr Nandeesh kumar B       9480520575   9am -1pm and 3pm-   General Treatment And Minor"
"South Taluk,Bangalore urban district 560082                                                                                                          5pm on weekdays.             surgeries"
"9am to 1pm on"
"Holidays"
"15   Veterinary Dispensary         Ramohalli       Government Veterinary Dispensary, No383, main Road,              https://goo.gl/maps/e7UPP256eAqy6S2m7       Dr Harish                 9845316629   9am -1pm and 3pm-   General Treatment And Minor"
"Kengeri Hobli, Ramohalli, Bangalore south taluk,Bangalore                                                                                            5pm on weekdays.             surgeries"
"560074                                                                                                                                                9am to 1pm on"
"Holidays"
"16   Veterinary Dispensary         Madapatna       Government Veterinary Dispensary, Madapatna, Bangalore           https://maps.app.goo.gl/bJwp5u4Rek9xsScQ8   Dr Shwetha                9513135676   9am -1pm and 3pm-   General Treatment And Minor"
"South Taluk,Bangalore urban district                                                                                                                 5pm on weekdays.             surgeries"
"9am to 1pm on"
"Holidays"
"17   Veterinary Dispensary      Chandrappa circle Government Veterinary Dispensary, Veterinary dispensary           https://goo.gl/maps/wtNFA3c8PUZiwNbi6       Dr Amith                  9916820821   9am -1pm and 3pm-   General Treatment And Minor"
",Chandrappa circle,Bangalore south taluk,Bangalore- 562130                                                                                            5pm on weekdays.             surgeries"
"9am to 1pm on"
"Holidays"
"18   Veterinary Dispensary      Byatarayanapura    Government Veterinary                                            https://maps.app.goo.gl/Yb9tnSQtb71CvRND8   Dr Rekha                  8310370007   9am -1pm and 3pm-   General Treatment And Minor"
"Dispensary,Byatarayanapura,Bangalore South                                                                                                           5pm on weekdays.             surgeries"
"Taluk,Bangalore urban district 560026                                                                                                                 9am to 1pm on"
"Holidays"
"19   Primary Veterinary Centre    Konanakunte      Government Veterinary Dispensary, Anjanadri Layout,          https://maps.app.goo.gl/FPL1DRVpuSawSMtp6   Dr Mahalingappa Karigar   9538237227   9am -1pm and 3pm-   General Treatment And Minor"
"Konanakunte, Bengaluru South taluk ,Bangalore 560062                                                                                             5pm on weekdays.             surgeries"
"9am to 1pm on"
"Holidays"
"20   Primary Veterinary Centre   Thalaghattapura   Government Veternery Dispensary, South1 Block,               https://goo.gl/maps/ZwGJR5f5vk1eWqhg6       Dr Sudhir                 9448165901   9am -1pm and 3pm-   General Treatment And Minor"
"Talaghattapura, Bengaluru, Bangalore south taluk,Bangalore                                                                                       5pm on weekdays.             surgeries"
"560062                                                                                                                                            9am to 1pm on"
"Holidays"
"21   Primary Veterinary Centre      Dodderi        Government Primary Veterinary Centre,Dodderi, Bengaluru,     https://maps.app.goo.gl/izTkPxqshLuMpwLw6   Dr Harish                 9845316629   9am -1pm and 3pm-   General Treatment And Minor"
"Bangalore south taluk,Bangalore 562130                                                                                                           5pm on weekdays.             surgeries"
"9am to 1pm on"
"Holidays"
"22   Primary Veterinary Centre      Gottigere      Government Primary Veterinary Centre,no.22 opposite          https://maps.app.goo.gl/QsS6128vDqy1BSjg7   DR Nagaraju               9448019584   9am -1pm and 3pm-   General Treatment And Minor"
"pattalamma temple, alakere post ,bhannerughatta main road,                                                                                       5pm on weekdays.             surgeries"
"gundappa layout gottigere ,Bangalore -83                                                                                                          9am to 1pm on"
"Holidays"
"3   Bangalore East   1         Veterinary Hospital         Krishnarajapuram   Government Veterinary Hospital , Krishnarajapura, Bengaluru https://maps.app.goo.gl/kCBakZERqvBhemmr7      Dr Ramesh          9902738563   9am -1pm and 3pm-   General Treatment And Minor"
"east taluk, Bengaluru South taluk ,Bangalore 560036                                                                                         5pm on weekdays.             surgeries"
"9am to 1pm on"
"Holidays"
"2         Veterinary Hospital             Varthuru       Government Veterinary Hospital , Varturu, Bangalore East       https://maps.app.goo.gl/uhQJRa8d4Q5f9uNLA   Dr Madhusudhan     9900595033   9am -1pm and 3pm-   General Treatment And Minor"
"Taluk,Bangalore urban district- 560087.                                                                                                     5pm on weekdays.             surgeries"
"9am to 1pm on"
"Holidays"
"3       Veterinary Dispensary           Doddagubbi       Government Veterinary Dispensary, 222, Doddagubbi Main         https://goo.gl/maps/Bde7NUc1wtTApjr49       Dr Vinod           9964684300   9am -1pm and 3pm-   General Treatment And Minor"
"Rd, Sonam Layout, Visthar, Anagalapura, Bengaluru South                                                                                     5pm on weekdays.             surgeries"
"taluk ,Bangalore 560077                                                                                                                      9am to 1pm on"
"Holidays"
"4       Veterinary Dispensary         Doddanekkundi      Government Veterinary Dispensary,Doddanekkundi,                https://maps.app.goo.gl/yR8QaUu7M2foLGfk7   Dr Srilakshmi      9880964024   9am -1pm and 3pm-   General Treatment And Minor"
"Bangalore East Taluk,Bangalore urban district- 560037.                                                                                      5pm on weekdays.             surgeries"
"9am to 1pm on"
"Holidays"
"5       Veterinary Dispensary             Gunjuru        Government Veterinary Dispensary,Gunjuru, Bangalore East       https://goo.gl/maps/FoCP3cwcAaSrzyzj7       Dr Madhusudhan     9900595033   9am -1pm and 3pm-   General Treatment And Minor"
"Taluk,Bangalore urban district- 560087.                                                                                                     5pm on weekdays.             surgeries"
"9am to 1pm on"
"Holidays"
"6       Veterinary Dispensary            Kadugodi        Government Veterinary Dispensary,Kadugodi Fly Over,            https://maps.app.goo.gl/vDFRYupZgvjrfAEv6   Dr Thammareddy     9480320306   9am -1pm and 3pm-   General Treatment And Minor"
"Kadugodi Colony, Kadugodi, near Kadugodi police station,                                                                                    5pm on weekdays.             surgeries"
"Bengaluru South taluk ,Bangalore 560067                                                                                                      9am to 1pm on"
"Holidays"
"7       Veterinary Dispensary        Kadusonnappanahal Veternery Dispensary, Kadusonnappanahalli, Bangalore East        https://maps.app.goo.gl/qEpohRb1NsBjfFc37   Dr Prashanth       9886119725   9am -1pm and 3pm-   General Treatment And Minor"
"li         Taluk,Bangalore urban district- 562149.                                                                                                       5pm on weekdays.             surgeries"
"9am to 1pm on"
"Holidays"
"8       Veterinary Dispensary         K Narayanapura      Government Veterinary Dispensary, K. Narayanapura,            https://maps.app.goo.gl/t6mZhseMA9MxGHaA7   Dr Somareddy       9448268371   9am -1pm and 3pm-   General Treatment And Minor"
"Bangalore East Taluk,Bangalore urban district- 560077.                                                                                      5pm on weekdays.             surgeries"
"9am to 1pm on"
"Holidays"
"9       Veterinary Dispensary           Thanisandra       Government Veterinary Dispensary,Thanisandra, Bangalore       https://goo.gl/maps/X3dc4AiBY2gAWiBx7       Dr Ashok           9886542373   9am -1pm and 3pm-   General Treatment And Minor"
"East Taluk,Bangalore urban district- 560077.                                                                                                5pm on weekdays.             surgeries"
"9am to 1pm on"
"Holidays"
"10      Veterinary Dispensary             Manduru        Government Veterinary Dispensary,Manduru, Bangalore East       https://maps.app.goo.gl/8WqE3Px2So759tb17   Dr Umesh Yadav     8660332447   9am -1pm and 3pm-   General Treatment And Minor"
"Taluk,Bangalore urban district- 560046.                                                                                                     5pm on weekdays.             surgeries"
"9am to 1pm on"
"Holidays"
"11      Veterinary Dispensary             Kalkere         Government Veterinary Dispensary,Kalkere, Bengaluru           https://maps.app.goo.gl/o1mmT9CfhKnVUaX26   Dr Nataraj         9448415724   9am -1pm and 3pm-   General Treatment And Minor"
"South taluk ,Bangalore 560016                                                                                                               5pm on weekdays.             surgeries"
"9am to 1pm on"
"Holidays"
"12      Veterinary Dispensary             Kannuru        Government Veterinary Dispensary,Junction, Kannuru,            https://maps.app.goo.gl/ajHPuFpQrhRKF8ra9   Dr Prashanth       9886119725   9am -1pm and 3pm-   General Treatment And Minor"
"Bengaluru South taluk ,Bangalore 562149                                                                                                     5pm on weekdays.             surgeries"
"9am to 1pm on"
"Holidays"
"13      Veterinary Dispensary        Halanayakanahalli   Government Veterinary Dispensary,Halanayakanahalli,            https://goo.gl/maps/eR2wADcDHM1GoCyNA       Dr Muniswamy C R   9880244079   9am -1pm and 3pm-   General Treatment And Minor"
"Bangalore East Taluk,Bangalore urban district- 560035.                                                                                      5pm on weekdays.             surgeries"
"9am to 1pm on"
"Holidays"
"14      Veterinary Dispensary            Medihalli       Government Veterinary Dispensary,Medihalli, Bangalore East     https://goo.gl/maps/qsAyUpuBFmeNjNZ58       Dr Mahendra        9900594441   9am -1pm and 3pm-   General Treatment And Minor"
"Taluk,Bangalore urban district- 560049.                                                                                                     5pm on weekdays.             surgeries"
"9am to 1pm on"
"Holidays"
"15      Veterinary Dispensary         Horamavu Agara     Government Veterinary Dispensary,Horamavuagara,                https://maps.app.goo.gl/Yb9tnSQtb71CvRND8   Dr Nataraj         9448415724   9am -1pm and 3pm-   General Treatment And Minor"
"Bangalore East Taluk,Bangalore urban district- 560043.                                                                                      5pm on weekdays.             surgeries"
"9am to 1pm on"
"Holidays"
"16      Veterinary Dispensary             Byrathi         Government Veterinary Dispensary,Bhyrati, Bangalore East      https://maps.app.goo.gl/44BHXLBKaSSNusX6A   Dr Azeem ullah     9844103321   9am -1pm and 3pm-   General Treatment And Minor"
"Taluk,Bangalore urban district- 560077.                                                                                                     5pm on weekdays.             surgeries"
"9am to 1pm on"
"Holidays"
"17   Primary Veterinary Dispensary      Devasandra       Government Primary Veternery Center, Devasandra,               https://maps.app.goo.gl/HoF5CzauuDj4JnMj7   Dr Nagaraj         9448155033   9am -1pm and 3pm-   General Treatment And Minor"
"Bangalore East Taluk,Bangalore urban district- 560036.                                                                                      5pm on weekdays.             surgeries"
"9am to 1pm on"
"Holidays"
"18   Primary Veterinary Dispensary       Bidarahalli     Government Primary Veternery Center, Bidarahalli,              https://maps.app.goo.gl/HoF5CzauuDj4JnMj7   Dr Umesh Yadav     8660332447   9am -1pm and 3pm-   General Treatment And Minor"
"Bangalore East Taluk,Bangalore urban district- 560046.                                                                                      5pm on weekdays.             surgeries"
"9am to 1pm on"
"Holidays"
"4   Anekal   1         Veterinary Hospital           Anekal       Government Veterinary Hospital,Anekal, Anekal Taluk,        https://goo.gl/maps/nBMTXEkm6iM3yKvU6       Dr Ravi M       7892624279   9am -1pm and 3pm-   General Treatment And Minor"
"Bangalore 562106                                                                                                                      5pm on weekdays.             surgeries"
"9am to 1pm on"
"Holidays"
"2         Veterinary Hospital          Attibele      Government Veterinary Hospital,Bengaluru Rd, Attibele       https://goo.gl/maps/BMWYEUdWRqcCgp6e6       Dr Rajashekar   9845864890   9am -1pm and 3pm-   General Treatment And Minor"
"Circle, Attibele, Anekal Taluk, Bangalore 562107                                                                                      5pm on weekdays.             surgeries"
"9am to 1pm on"
"Holidays"
"3         Veterinary Hospital         Haragadde      Government Veterinary Hospital, Haragadde, Bangalore, SH-   https://maps.app.goo.gl/vqQaBwXTphWfLXoT6   Dr Kumarswamy   9972699760   9am -1pm and 3pm-   General Treatment And Minor"
"87, Anekal Bannerughatta Road, Anekal Taluk, Bangalore                                                                                5pm on weekdays.             surgeries"
"560105                                                                                                                                 9am to 1pm on"
"Holidays"
"4         Veterinary Hospital          Sarjapura     Government Veterinary Hospital, Sarjapura, Anekal Taluk,    https://goo.gl/maps/GFurvDEkUm734a738       Dr Rajashekar   9845864890   9am -1pm and 3pm-   General Treatment And Minor"
"Bangalore 562125                                                                                                                      5pm on weekdays.             surgeries"
"9am to 1pm on"
"Holidays"
"5         Veterinary Hospital           Jigani       Government Veterinary Hospital Jigani, Anekal Taluk,        https://maps.app.goo.gl/qNEEkbEU4ZZekuTHA   Dr Sunil        9972876236   9am -1pm and 3pm-   General Treatment And Minor"
"Bangalore 5602106                                                                                                                     5pm on weekdays.             surgeries"
"9am to 1pm on"
"Holidays"
"6       Veterinary Dispensary        Bannerughatta   Government Veterinary Dispensary, Bannerughatta, Anekal     https://maps.app.goo.gl/cV7MXW17oXkYd5iP6   Dr Vijaykumar   9743393909   9am -1pm and 3pm-   General Treatment And Minor"
"Taluk, Bangalore 560083                                                                                                               5pm on weekdays.             surgeries"
"9am to 1pm on"
"Holidays"
"7       Veterinary Dispensary          Marasuru      Government Veternary Hospital, Marasuru, near gram          https://maps.app.goo.gl/9Sy3Zd2ECB7xFi7c6   Dr Ramya        9844860592   9am -1pm and 3pm-   General Treatment And Minor"
"panchayat office, Anekal Taluk, Bangalore 562106                                                                                      5pm on weekdays.             surgeries"
"9am to 1pm on"
"Holidays"
"8       Veterinary Dispensary        Muttanalluru    Government Veterinary Dispensary Muthanallur, Anekal        https://maps.app.goo.gl/U4yUQkuFoZEmEUsj9   Dr Prashanth    9739525986   9am -1pm and 3pm-   General Treatment And Minor"
"Taluk, Bangalore 560099                                                                                                               5pm on weekdays.             surgeries"
"9am to 1pm on"
"Holidays"
"9       Veterinary Dispensary         Chandapura     Government Veternery Dispensary,Chandapura, Anekal          https://maps.app.goo.gl/pz18zJoGXrGG5BSb7   Dr Bharathraj   9964629260   9am -1pm and 3pm-   General Treatment And Minor"
"Taluk,Bangalore urban district 560090                                                                                                 5pm on weekdays.             surgeries"
"9am to 1pm on"
"Holidays"
"10      Veterinary Dispensary        Dommasandra     Government Veterinary Dispensary dommasandra Anekal         https://maps.app.goo.gl/wRbmhhJMMkEk9JBB7   Dr Vardhaman    8970327068   9am -1pm and 3pm-   General Treatment And Minor"
"Taluk,Bangalore urban district 562125                                                                                                 5pm on weekdays.             surgeries"
"9am to 1pm on"
"Holidays"
"11      Veterinary Dispensary        Shivanahalli    Government Veternery Dispensary,Shivanahalli, Anekal        https://maps.app.goo.gl/U4sUDrWrJwAuKH7T9   Dr Rudresh      7899284474   9am -1pm and 3pm-   General Treatment And Minor"
"Taluk,Bangalore urban district 560083                                                                                                 5pm on weekdays.             surgeries"
"9am to 1pm on"
"Holidays"
"12      Veterinary Dispensary          Huskuru       Government Veternery Dispensary,Huskuru, Anekal             https://goo.gl/maps/bhVTMZzr5Hcpo8xb8                                    9am -1pm and 3pm-   General Treatment And Minor"
"Taluk,Bangalore urban district 560099                                                                                                 5pm on weekdays.             surgeries"
"9am to 1pm on"
"Holidays"
"13      Veterinary Dispensary         Hennagara      Government Veternery Dispensary,Hennagara, Anekal           https://maps.app.goo.gl/Yb9tnSQtb71CvRND8   Dr Mahendra     8411110644   9am -1pm and 3pm-   General Treatment And Minor"
"Taluk,Bangalore urban district                                                                                                        5pm on weekdays.             surgeries"
"9am to 1pm on"
"Holidays"
"14   Primary Veterinary Dispensary   Hulimangala     Government Primary Veternery Center,Hulimangala, Anekal     https://maps.app.goo.gl/Nj58m88EmYhuQAzs9   Dr                           9am -1pm and 3pm-   General Treatment And Minor"
"Taluk,Bangalore urban district 560105                                                                                                 5pm on weekdays.             surgeries"
"9am to 1pm on"
"Holidays"
"15   Primary Veterinary Dispensary     Indlavadi     Government Primary Veternery Center,Indlawadi, Anekal       https://goo.gl/maps/fRGZ8ouqe1heKRqb8                                    9am -1pm and 3pm-   General Treatment And Minor"
"Taluk,Bangalore urban district                                                                                                        5pm on weekdays.             surgeries"
"9am to 1pm on"
"Holidays"
"16   Primary Veterinary Dispensary   Bidaraguppe     Government Government Primary Veternery                     https://maps.app.goo.gl/FNnQkR1nTW6uY2GG7                                9am -1pm and 3pm-   General Treatment And Minor"
"Center,Bidaraguppe,anekal taluk, Bengaluru,                                                                                           5pm on weekdays.             surgeries"
"9am to 1pm on"
"Holidays"
"17   Primary Veterinary Dispensary   Bi. Hosahalli   Government Primary Veternery Center,B Hosahalli, Anekal     https://maps.app.goo.gl/3Fv7mHhroHvm5UfcA                                9am -1pm and 3pm-   General Treatment And Minor"
"Taluk,Bangalore urban district 562125                                                                                                 5pm on weekdays.             surgeries"
"9am to 1pm on"
"Holidays"
"18   Primary Veterinary Dispensary   Handenahalli    Government Primary Veternery Center, Handenahalli, Anekal   https://goo.gl/maps/Aw92jmF3BFyJJyed6                                    9am -1pm and 3pm-   General Treatment And Minor"
"Taluk,Bangalore urban district 562125                                                                                                 5pm on weekdays.             surgeries"
"9am to 1pm on"
"Holidays"
"19   Primary Veterinary Dispensary    Samanduru      Government Primary Veternery Center, Samanduru,Anekal       https://maps.app.goo.gl/Ny9v4Xjda88zzT4d9                                9am -1pm and 3pm-   General Treatment And Minor"
"Taluk,Bangalore urban district 562106                                                                                                 5pm on weekdays.             surgeries"
"9am to 1pm on"
"Holidays"
"20   Primary Veterinary Dispensary   Mugaluru     Government Primary Veternery Center, Mugaluru,Anekal      https://goo.gl/maps/HMA3MtvY2wzYXoVp8       9am -1pm and 3pm-   General Treatment And Minor"
"Taluk,Bangalore urban district 562125                                                                  5pm on weekdays.             surgeries"
"9am to 1pm on"
"Holidays"
"21   Primary Veterinary Dispensary   Hebbagodi    Government Primary Veternery Center, Hebbagodi,Anekal     https://maps.app.goo.gl/4oBgjLFT4HGfuF3B8   9am -1pm and 3pm-   General Treatment And Minor"
"Taluk,Bangalore urban district                                                                         5pm on weekdays.             surgeries"
"9am to 1pm on"
"Holidays"
"22   Primary Veterinary Dispensary   Mayasandra   Government Primary Veternery Center, Mayasandra,Anekal    https://maps.app.goo.gl/9jd23g2yexQKqk166   9am -1pm and 3pm-   General Treatment And Minor"
"Taluk,Bangalore urban district 562107                                                                  5pm on weekdays.             surgeries"
"9am to 1pm on"
"Holidays"
"23   Primary Veterinary Dispensary   Guddahatti   Government Primary Veternery Center, Guddahatti, Anekal   https://maps.app.goo.gl/yK2rDcTA6n4NCp6q9   9am -1pm and 3pm-   General Treatment And Minor"
"Taluk,Bangalore urban district 562106                                                                  5pm on weekdays.             surgeries"
"9am to 1pm on"
"Holidays"
""
